# Reliability of a Parallel and Series System

#                 0.70    0.75
# 0.95 -> 0.95 -> 0.70 -> 0.75 -> 0.90
#                 0.70

#   c1 ->   c2 ->   c3 ->   c4 ->   c5

c3 <- 1 - 0.30^3
c4 <- 1 - 0.25^2

rel = 0.95 * 0.95 * c3 * c4 * 0.90
rel

# or

.95 * .95 * (1 - .3^3) * (1 - .25^2) * .9
